x <- 1:10
y <- 10:1
x + y
